Pos	A	C	G	T
1	0.227104493714928	0.318686518855217	0.227104493714928	0.227104493714928
2	0.298988211898545	0.294725279460678	0.203143254320389	0.203143254320389
3	0.217779428757477	0.335875904137486	0.214255447169004	0.232089219936032
4	0.0481483136598975	0.0481483136598975	0.257087863330801	0.646615509349404
5	0.0249184440855204	0.925244667743439	0.0249184440855204	0.0249184440855204
6	0.000159600615419973	0.891746094572941	0.107934704196219	0.000159600615419973
7	0.000159600615419973	0.000159600615419973	0.99952119815374	0.000159600615419973
8	0.000159600615419973	0.206301351498011	0.793379447271149	0.000159600615419973
9	0.607335403885317	0.248187735011906	0.121421754202284	0.0230551069004922
10	0.249351622499856	0.0470163462950313	0.370515621708237	0.333116409496875
11	0.518506090359484	0.226521552467106	0.127486178586705	0.127486178586705
12	0.294930765253031	0.301046660835924	0.202011286955523	0.202011286955523
13	0.2252411565299	0.2252411565299	0.324276530410301	0.2252411565299
