Pos	A	C	G	T
1	0.324651975745198	0.225116007935244	0.225116007935244	0.225116007935244
2	0.0976761473638863	0.0976761473638863	0.532932512989836	0.271715191833324
3	0.0964012417638722	0.765159542034922	0.119132213732979	0.019307002019159
4	0.687800304027723	0.0966662400263576	0.119132213732979	0.0964012417638722
5	0.000162181473154003	0.823108961233629	0.0999873931869738	0.0767414636571739
6	0.0772564212178672	0.0775214194803526	0.768480695195538	0.0767414636571739
7	0.0999873931869738	0.0775214194803526	0.000162181473154003	0.822329005410452
8	0.0775214194803526	0.000162181473154003	0.922154217124271	0.000162181473154003
9	0.78741936815455	0.162488284545098	0.0250461734256422	0.0250461734256422
10	0.229065316181021	0.293040678092833	0.152486033997001	0.325407971280078
11	0.230855179341728	0.230855179341728	0.230855179341728	0.307434461525748
12	0.230855179341728	0.230855179341728	0.230855179341728	0.307434461525748
