Pos	A	C	G	T
1	0.314465409314465	0.231132075231132	0.186477987186478	0.267924528267925
2	0.22876013222876	0.194836385194836	0.30021014730021	0.276193335276193
3	0.448833034448833	0.136894075136894	0.412028725412029	0.00224416500224416
4	0.000935453999064546	0.000935453999064546	0.0626753979373246	0.935453694064546
5	0.11349957	0.859845228	0.015477214	0.011177988
6	0.508388409	0.12455516	0.322318251	0.04473818
7	0.000588235000588235	0.588235294588235	0.000588235000588235	0.410588235410588
8	0.150473933849526	0.239731437760269	0.21484992078515	0.394944707605055
9	0.214854111	0.25198939	0.201591512	0.331564987
10	0.150799166	0.347463516	0.197011814	0.304725504
11	0.241614722241615	0.296823983296824	0.27753042427753	0.184030870184031
12	0.162669447	0.248522767	0.241223497	0.347584289
13	0.997008973	0.000997009	0.000997009	0.000997009
14	0.000997009	0.997008973	0.000997009	0.000997009
15	0.000990099	0.000990099	0.99009901	0.007920792
16	0.400480577	0.079295154	0.351221466	0.169002803
17	0.258125676741874	0.270855904729144	0.236998916763001	0.23401950176598
18	0.275178866275179	0.24600990624601	0.244083654244084	0.234727573234728
