Pos	A	C	G	T
1	0.515737205075679	0.0485520162230295	0.135243314498611	0.300467464202681
2	0.202883173394035	0.0551394058855766	0.546925676082174	0.195051744638214
3	0.100049903290255	0.000884810110902099	0.884810110902099	0.0142551756967437
4	0.739152384394719	0.24311682820842	0.000740630689163509	0.016990156707697
5	0.0282166555690768	0.918421233898928	0.000919339655132826	0.0524427708768627
6	0.97971596074866	0.00097971596074866	0.00097971596074866	0.0183246073298429
7	0.000972192575631149	0.970252071488173	0.00748452447945976	0.0212912114567365
8	0.0673828464539278	0.0625273804474052	0.869220552546121	0.000869220552546121
9	0.0850597984231429	0.0876733696769091	0.101073096482826	0.726193735417122
10	0.563716923909489	0.120622456227381	0.25463149824684	0.0610291216162892
11	0.0872301741144672	0.278290522916052	0.0618285311794029	0.572650771790078
12	0.199687986931342	0.313834024580266	0.377009507802777	0.109468480685614
