Pos	A	C	G	T
1	0.3803	0.0941	0.5032	0.0224
2	0.0053	0.0032	0.0032	0.9883
3	0.0053	0.0032	0.0032	0.9883
4	0.9883	0.0032	0.0032	0.0053
5	0.0053005300530053	0.986198619861986	0.0032003200320032	0.0053005300530053
6	0.0053005300530053	0.986198619861986	0.0032003200320032	0.0053005300530053
7	0.0053005300530053	0.986198619861986	0.0032003200320032	0.0053005300530053
8	0.0053005300530053	0.0032003200320032	0.923692369236924	0.0678067806780678
9	0.1076	0.1964	0.5827	0.1133
10	0.442844284428443	0.366836683668367	0.06000600060006	0.13031303130313
11	0.147414741474147	0.355435543554355	0.105410541054105	0.391739173917392
12	0.2042	0.1054	0.2589	0.4315
13	0.2838	0.1225	0.327	0.2667
