Pos	A	C	G	T
1	0.395912150969958	0.072277147540628	0.121985511813206	0.409825189676208
2	0.360449542167334	0.146646336464289	0.123274946233637	0.36962917513474
3	0.401023289452465	0.0997127477296171	0.0678488373157165	0.431415125502202
4	0.193184519525119	0.217696825466165	0.0961532539163085	0.492965401092407
5	0.440304202234781	0.146517077362286	0.156507113011339	0.256671607391594
6	0.194424647343443	0.0484127179861329	0.221864377856063	0.535298256814362
7	0.232712077962484	0.036460924129211	0.134405014526118	0.596421983382187
8	0.0360464610165337	0.218190052954746	0.129732164202361	0.61603132182636
9	0.123488409007624	0.80653501091103	0.047651761368697	0.0223248187126488
10	0.00926866855846999	0.0219814153453615	0.00915881872597097	0.959591097370198
11	0.0214011855056966	0.00552334965910051	0.0162547347208856	0.956820730114317
12	0.010976877689873	0.960037766983225	0.0102593613722621	0.0187259939546404
13	0.00617600324921577	0.226009794009516	0.261183240567203	0.506630962174065
14	0.586414236038704	0.108176044572133	0.178048596053249	0.127361123335914
15	0.118170960769488	0.124115867674245	0.0305770737375253	0.727136097818742
16	0.212181770101405	0.198173784622316	0.221088020359548	0.368556424916732
17	0.237490528017233	0.349635114435129	0.0980689916158555	0.314805365931782
18	0.244391180257865	0.117232160428019	0.256129170615651	0.382247488698465
19	0.141584191443002	0.332371734883062	0.2443663561657	0.281677717508236
20	0.244758977341214	0.124163028938811	0.262591153612913	0.368486840107062
21	0.414066646575154	0.130360846588296	0.183127078618418	0.272445428218132
