Pos	A	C	G	T
1	0.0113011301130113	0.0308030803080308	0.681468146814681	0.276427642764276
2	0.372837283728373	0.609160916091609	0.0067006700670067	0.0113011301130113
3	0.0113011301130113	0.0067006700670067	0.0067006700670067	0.975297529752975
4	0.0113011301130113	0.0067006700670067	0.356135613561356	0.625862586258626
5	0.975297529752975	0.0067006700670067	0.0067006700670067	0.0113011301130113
6	0.1198	0.6814	0.1513	0.0475
7	0.1198	0.0911	0.0067	0.7824
8	0.975297529752975	0.0067006700670067	0.0067006700670067	0.0113011301130113
9	0.927092709270927	0.0067006700670067	0.0067006700670067	0.0595059505950595
10	0.0836083608360836	0.0067006700670067	0.151315131513151	0.758375837583758
11	0.433	0.1754	0.2477	0.1439
12	0.17998200179982	0.187481251874813	0.368163183681632	0.264373562643736
