Pos	A	C	G	T
1	0.218218218218218	0.3003003003003	0.271271271271271	0.21021021021021
2	0.193	0.316	0.327	0.164
3	0.25	0.1	0.34	0.31
4	0.243	0.366	0.268	0.123
5	0.018	0.929	0.024	0.029
6	0.0959040959040959	0.21978021978022	0.257742257742258	0.426573426573427
7	0.328	0.326	0.147	0.199
8	0.239	0.283	0.355	0.123
9	0.022977022977023	0.295704295704296	0.321678321678322	0.35964035964036
10	0.34965034965035	0.101898101898102	0.372627372627373	0.175824175824176
11	0.248	0.355	0.168	0.229
12	0.052052052052052	0.0600600600600601	0.836836836836837	0.051051051051051
13	0.229	0.133	0.564	0.074
14	0.541	0.199	0.102	0.158
15	0.795204795204795	0.0879120879120879	0.0859140859140859	0.030969030969031
16	0.62	0.101	0.244	0.035
