Pos	A	C	G	T
1	0.0754803377725373	0.242650264424194	0.144115894241726	0.537753503561543
2	0.158028750251326	0.204851173876503	0.34133245738354	0.295787618488631
3	0.382062693360719	0.170352703363521	0.173377859512377	0.274206743763383
4	0.37659017480021	0.240190864417181	0.137933916724827	0.245285044057783
5	0.274562719893532	0.050588343903106	0.462411805325197	0.212437130878165
6	0.552472324123609	0.169548433640045	0.240438042553377	0.0375411996829693
7	0.0163587004491309	0.747755460644002	0.0174248073682879	0.218461031538579
8	0.00414091476938036	0.00462498543213861	0.988380903934311	0.00285319586416958
9	0.00251694543611276	0.0160282616490639	0.00313034853935546	0.978324444375468
10	0.983715203032343	0.0076062023250015	0.00341439214620301	0.00526420249645251
11	0.884304258154715	0.00149917803012954	0.109974291970744	0.00422227184441172
12	0.986891782428075	0.00223147860793568	0.0042064833395273	0.00667025562446167
13	0.00535594208956346	0.00213646440209706	0.00280341027774224	0.989704183230597
14	0.00491782001378646	0.98396842814227	0.00170042192918309	0.00941332991476062
15	0.326316734753401	0.575521774733016	0.0551041922759117	0.0430572982376716
16	0.0869494808775421	0.221665211412094	0.0779739090996933	0.613411398610671
17	0.258572406749083	0.190531241974881	0.196110576462209	0.354785774813827
18	0.450375397529559	0.110051379746138	0.173065330124438	0.266507892599865
19	0.281153987377987	0.396643805528697	0.0620532413587151	0.260148965734601
20	0.333856825110076	0.330748326141043	0.0689057561583996	0.266489092590482
