Pos	A	C	G	T
1	0.238	0.02	0.444	0.298
2	0.448	0.004	0.502	0.046
3	0.004	0.002	0.192	0.802
4	0.008	0.009	0.97	0.013
5	0.071	0.123	0.004	0.802
6	0.514514515	0.06006006	0.33033033	0.095095095
7	0.042	0.277	0.004	0.677
8	0.059059059	0.004004004	0.921921922	0.015015015
9	0.004	0.009	0.863	0.124
10	0.225	0.027	0.738	0.01
11	0.012987013	0.046953047	0.053946054	0.886113886
12	0.008	0.076	0.676	0.24
13	0.086	0.203	0.114	0.597
