Pos	A	C	G	T
1	0.278449479569884	0.135778896155985	0.231491176117611	0.354280448156521
2	0.19415676413435	0.250237715286315	0.266069427794738	0.289536092784597
3	0.156446079168151	0.332066951775415	0.2237483011059	0.287738667950534
4	0.131102398597848	0.249398878310919	0.268091972138046	0.351406750953187
5	0.239796726094695	0.0857825809184544	0.400493472838607	0.273927220148244
6	0.141841132671507	0.480552272633632	0.145553353311881	0.23205324138298
7	0.516422262834553	0.0597252916085037	0.138430825366392	0.285421620190551
8	0.0796558124104068	0.420594005260145	0.392358354405637	0.107391827923811
9	0.0290238863222461	0.770071492068553	0.197675935583171	0.0032286860260298
10	0.00604643802087756	0.052292399388992	0.0833564251316252	0.858304737458505
11	0.00133568306484062	0.990720100730408	0.00497756480699189	0.00296665139775911
12	0.972525643924796	0.000613622197729679	0.00135196040019516	0.0255087734772789
13	0.00167602334075103	0.000888712607780521	0.0277629482009878	0.969672315850481
14	0.000910153300757236	0.968835347797123	0.0013302897552739	0.0289242091468456
15	0.0361956208250668	0.00933604130565321	0.876171970014581	0.0782963678546988
16	0.223843898113719	0.575758122693452	0.177568341356672	0.0228296378361572
17	0.280175956422412	0.265192409463193	0.252107140990163	0.202524493124232
18	0.188152651330186	0.298286712898214	0.0720016046188226	0.441559031152777
19	0.163535984951468	0.435698772178356	0.208726133614533	0.192039109255643
20	0.153628075189939	0.371599025311142	0.183845255683201	0.290927643815718
21	0.185497728307595	0.149310517897849	0.202928624041764	0.462263129752792
