Pos	A	C	G	T
1	0.268946561584409	0.195581334091226	0.212682065101413	0.322790039222952
2	0.306953479120873	0.299085293351256	0.168324682645926	0.225636544881945
3	0.292500727326172	0.232782112760598	0.101036479381009	0.373680680532221
4	0.458434078120083	0.205085420999775	0.172296673958018	0.164183826922124
5	0.0876661910206245	0.438603880410807	0.183904271575861	0.289825656992707
6	0.0326909986285421	0.197735127377865	0.0607270809100758	0.708846793083517
7	0.00998201642548188	0.849357220299366	0.00416107744581301	0.136499685829339
8	0.00128779239594316	0.967168567418592	0.0307413154621955	0.000802324723269677
9	0.000994433912005323	0.0255124407138498	0.972506408745152	0.000986716628992654
10	0.00986593555900706	0.00133619429287584	0.985672336228292	0.00312553391982489
11	0.778559644200962	0.0388982186737271	0.177763609173114	0.0047785279521971
12	0.0692069119618263	0.0105443690202695	0.916517561427547	0.00373115759035721
13	0.252352259944906	0.182670285724961	0.164609301942705	0.400368152387429
14	0.120528650200004	0.0206741082009374	0.00936992855470818	0.84942731304435
15	0.393844436399007	0.0175763392506412	0.0225013268608634	0.566077897489489
16	0.231287259327693	0.281899506227638	0.144311152238752	0.342502082205917
17	0.216073941838887	0.233241335709816	0.201072369048738	0.349612353402559
18	0.229717666858684	0.184273321423909	0.124628209656774	0.461380802060633
19	0.322291323092543	0.168908286453179	0.28941820141516	0.219382189039118
20	0.438394898279758	0.22931577137884	0.17221568669297	0.160073643648432
21	0.279426437155193	0.190454456958577	0.207570835595264	0.322548270290966
