Pos	A	C	G	T
1	0.318915734690148	0.352576506640861	0.106078960692852	0.222428797976139
2	0.182991944497016	0.388289413425967	0.280308421385765	0.148410220691251
3	0.347473414748854	0.389339462531783	0.0858005789338225	0.177386543785541
4	0.310713171153938	0.315541213930729	0.312110196902519	0.0616354180128143
5	0.323581337027249	0.333118120433905	0.120596929464518	0.222703613074328
6	0.113240442558992	0.699521318727103	0.0639245293319229	0.123313709381982
7	0.101824343441049	0.241396431366941	0.623491441705488	0.0332877834865224
8	0.0159079172582875	0.887440961258984	0.0356439334591707	0.0610071880235575
9	0.0198345721893737	0.0895674711718508	0.876617442417339	0.0139805142214368
10	0.0131689953779936	0.952761506672123	0.0225626169890999	0.0115068809607832
11	0.0115068809607832	0.0225626169890999	0.952761506672123	0.0131689953779936
12	0.0139805142214368	0.876617442417339	0.0895674711718508	0.0198345721893737
13	0.0610071880235575	0.0356439334591706	0.887440961258984	0.0159079172582875
14	0.0259896815899398	0.596148082104143	0.308850209839215	0.0690120264667022
15	0.123313709381982	0.0639245293319229	0.699521318727103	0.113240442558992
16	0.223194866667479	0.162991907079153	0.431538167229579	0.18227505902379
17	0.217243894190834	0.0515830975966459	0.320977868695101	0.410195139517419
18	0.356225775351711	0.378842163603081	0.165308577492436	0.0996234835527725
19	0.0913310506607989	0.394063428385583	0.417845306184605	0.096760214769013
20	0.384620678437688	0.192628631028638	0.303120129355772	0.119630561177901
21	0.266534972920486	0.38509131682005	0.197282033421382	0.151091676838083
