Pos	A	C	G	T
1	0.178	0.276	0.381	0.165
2	0.164	0.659	0.046	0.131
3	0.146853146853147	0.153846153846154	0.568431568431568	0.130869130869131
4	0.071	0.135	0.613	0.181
5	0.321321321321321	0.16016016016016	0.359359359359359	0.159159159159159
6	0.18	0.222	0.148	0.45
7	0.155	0.233	0.276	0.336
8	0.111	0.185	0.298	0.406
9	0.188	0.213	0.188	0.411
10	0.16	0.2	0.265	0.375
11	0.106106106106106	0.224224224224224	0.198198198198198	0.471471471471471
12	0.0920920920920921	0.144144144144144	0.496496496496497	0.267267267267267
13	0.241241241241241	0.243243243243243	0.311311311311311	0.204204204204204
14	0.37	0.184	0.291	0.155
15	0.149	0.465	0.167	0.219
16	0.242	0.208	0.3	0.25
17	0.121	0.747	0.058	0.074
18	0.0890890890890891	0.726726726726727	0.0760760760760761	0.108108108108108
19	0.014	0.042	0.878	0.066
20	0.205	0.242	0.098	0.455
