Pos	A	C	G	T
1	0.00043011381671818	0.268433172786183	0.301022896678919	0.43011381671818
2	0.000662743226764223	0.662743226764223	0.134474577169821	0.202119452839192
3	0.789334512072872	0.203763546953563	0.00502727150739212	0.00187466946617307
4	0.98730912846274	0.00098730912846274	0.00098730912846274	0.0107162532803346
5	0.000997008973080758	0.997008973080758	0.000997008973080758	0.000997008973080758
6	0.000958211440852961	0.0398721362653326	0.000958211440852961	0.958211440852962
7	0.279583099482144	0.568635110829826	0.114926273614705	0.0368555160733244
8	0.263204729206804	0.00284081740190025	0.0752905531130103	0.658663900278285
9	0.29188350337825	0.118993210886498	0.543563931271776	0.0455593544634752
10	0.595727087889405	0.24900856119398	0.117441042379429	0.0378233085371862
11	0.38285053011776	0.0122930792687945	0.567547519334925	0.03730887127852
12	0.133482250757627	0.135396460687039	0.387335072726033	0.3437862158293
13	0.133852322623681	0.666396109846069	0.0965168141734456	0.103234753356804
14	0.0724576141119172	0.0740256617519159	0.000853515871472959	0.852663208264694
15	0.000606194202579081	0.000605588613965116	0.39319960321834	0.605588613965116
16	0.0629210044285747	0.00857798696932459	0.927450207516984	0.00105080108511674
17	0.00227057698746927	0.621224893972441	0.251130784613253	0.125373744426836
18	0.0975236017717569	0.272761366353432	0.0838199987553593	0.545895033119452
19	0.505364443568479	0.042172157451346	0.00882265245581853	0.443640746524356
