Pos	A	C	G	T
1	0.241758241758242	0.202797202797203	0.188811188811189	0.366633366633367
2	0.017017017017017	0.72972972972973	0.202202202202202	0.051051051051051
3	0.123	0.262	0.518	0.097
4	0.055	0.329	0.5	0.116
5	0.179	0.424	0.206	0.191
6	0.142	0.253	0.402	0.203
7	0.199	0.462	0.138	0.201
8	0.218	0.35	0.24	0.192
9	0.18	0.23	0.233	0.357
10	0.116	0.179	0.16	0.545
11	0.13	0.511	0.183	0.176
12	0.131	0.219	0.108	0.542
13	0.082	0.474	0.192	0.252
14	0.15	0.202	0.397	0.251
15	0.119119119119119	0.436436436436436	0.133133133133133	0.311311311311311
16	0.158841158841159	0.36963036963037	0.356643356643357	0.114885114885115
17	0.275275275275275	0.289289289289289	0.224224224224224	0.211211211211211
18	0.223	0.178	0.39	0.209
19	0.0970970970970971	0.404404404404404	0.345345345345345	0.153153153153153
20	0.36036036036036	0.178178178178178	0.203203203203203	0.258258258258258
21	0.057	0.699	0.21	0.034
22	0.0660660660660661	0.778778778778779	0.0600600600600601	0.0950950950950951
23	0.065	0.081	0.813	0.041
24	0.402	0.286	0.156	0.156
