Pos	A	C	G	T
1	0.389123625772564	0.000406666400977951	0.203803306848506	0.406666400977951
2	0.0215291434115461	0.636617878394526	0.177850026833444	0.164002951360484
3	0.0506787947880121	0.0113303735579123	0.135158438972696	0.80283239268138
4	0.951546310331605	0.000951546310331605	0.0465505970477324	0.000951546310331605
5	0.0632235254208386	0.00904035461192326	0.0207074642109168	0.907028655756321
6	0.14478773865877	0.607815535278829	0.216913561337097	0.0304831647253038
7	0.430765166036836	0.0384127999536732	0.0784117503618151	0.452410283647675
8	0.0393704335387851	0.000958711185379271	0.958711185379271	0.00095966989656465
9	0.118271354083578	0.55975840827099	0.321410479237161	0.00055975840827099
10	0.000998002997000009	0.000999000002991018	0.000997005991009	0.997005991009
11	0.00255918353540381	0.0270550543391595	0.966459039049777	0.00392672307565925
12	0.947888861926717	0.0502153603494298	0.000947888861926717	0.000947888861926717
13	0.000750996572451643	0.119203432955532	0.129048998020373	0.750996572451643
14	0.235085613619276	0.758683320271336	0.000758683320271336	0.00547238278911714
15	0.287455342693411	0.0545547302452061	0.360030689015932	0.297959238045451
