Pos	A	C	G	T
1	0.198906129660194	0.165040367545632	0.180352439706906	0.455701063087268
2	0.233974483669081	0.30316062936231	0.236703724496447	0.226161162472163
3	0.253053708865375	0.205362793007042	0.317592055084579	0.223991443043003
4	0.28148821567895	0.235023615672259	0.215517605820042	0.267970562828749
5	0.304871594338097	0.247072242652369	0.208194641929252	0.239861521080282
6	0.197396673505683	0.208612973519132	0.190901558528051	0.403088794447133
7	0.111413925366617	0.397418977629767	0.0903540244196804	0.400813072583935
8	0.0460398751480797	0.0496094555520922	0.000580570518711617	0.903770098781116
9	0.151425296477627	0.12136373907426	0.657202258932943	0.0700087055151705
10	0.931520394126215	0.000114242768204614	0.0681751823008843	0.000190180804695942
11	0.000168469220510652	9.20963724496946e-05	0.0088660293713997	0.99087340503564
12	0.0183736923654237	0.000194292332980127	0.000118939587015954	0.98131307571458
13	0.0142903390483461	0.000155361338856282	0.932331656966667	0.0532226426461308
14	0.0289977702813169	0.0221863628177995	0.948563976147835	0.000251890753048947
15	0.197405061437993	0.219145671554928	0.127093494361461	0.456355772645618
