Pos	A	C	G	T
1	0.0520734366392022	0.852477607215078	0.0242728641037244	0.0711760920419957
2	0.0189560912158371	0.891456896790551	0.0820339888812463	0.00755302311236598
3	0.00789758808599996	0.0960538377550293	0.876526392699533	0.019522181459438
4	0.0481087559945182	0.0731231213833085	0.838409007724304	0.0403591148978694
5	0.429692082667612	0.143915192086017	0.317551426522106	0.108841298724265
6	0.50988995939425	0.0833316139783885	0.0556500908977986	0.351128335729563
7	0.222904474169311	0.645494838921755	0.0730672903178356	0.0585333965910988
8	0.232961914261463	0.217921168542503	0.0659661006521265	0.483150816543907
9	0.245893435534366	0.651437785104621	0.0622979337963758	0.040370845564637
10	0.169647843443622	0.0623352245778163	0.50385081625705	0.264166115721512
11	0.0611307732141598	0.284863674785873	0.419944158045217	0.23406139395475
12	0.0403591148978694	0.838409007724304	0.0731231213833084	0.0481087559945182
13	0.019522181459438	0.876526392699533	0.0960538377550293	0.00789758808599996
14	0.00755302311236598	0.0820339888812463	0.891456896790551	0.0189560912158371
15	0.0711760920419957	0.0242728641037244	0.852477607215078	0.0520734366392022
16	0.349351701773838	0.0657867580503169	0.363577506568831	0.221284033607014
