Pos	A	C	G	T
1	0.355609235123016	0.0990359343040172	0.360256383523474	0.185098447049493
2	0.310089193784242	0.167181412340355	0.189922976947013	0.332806416928391
3	0.355596382887676	0.0876588618444958	0.348938274272934	0.207806480994894
4	0.0361204614138356	0.626198229976602	0.0114515868384126	0.32622972177115
5	0.00022071301686338	0.00011949107958751	0.999439082886686	0.00022071301686338
6	0.000220254507672705	0.000118995147930933	0.99943896384547	0.00022178649892604
7	0.00021888455214354	0.999437989903808	0.00012439265854569	0.000218732885503078
8	0.000220713022305142	0.000119160241760403	0.999439107528229	0.0002210192077059
9	0.000220713037870165	0.999439178010219	0.000119242874387268	0.000220866077523452
10	0.000198504418670641	8.75332064888475e-05	8.90632599870334e-05	0.999624899114854
11	0.999637088839431	9.42078978595179e-05	9.42078978595179e-05	0.000174495364849938
12	0.0358975296020226	0.312896966562913	0.0812076571556895	0.569997846679375
13	0.000226062153624964	0.96375497391765	0.000121963603829792	0.035897000324895
14	0.662273584351963	0.0876702045204377	0.0876702045204377	0.162386006607162
15	0.355585262836731	0.0990292581057213	0.0990292581057213	0.446356220951826
