Pos	A	C	G	T
1	0.464995978626793	0.169594197487224	0.200418001155904	0.164991822730079
2	0.303786027351396	0.310979200419919	0.201796297142766	0.183438475085919
3	0.23594904300585	0.170344818178458	0.271945978458221	0.321760160357471
4	0.21298708393106	0.296732538130273	0.195955971354616	0.294324406584051
5	0.16221355389167	0.360087035627632	0.173764562035346	0.303934848445352
6	0.233464867975608	0.382746113418611	0.192675390611382	0.191113627994398
7	0.0209417277232756	0.00979960547137403	0.0151519009497103	0.95410676585564
8	0.00453847638741267	0.988925572903065	0.00213985606632348	0.00439609464319886
9	0.00359440782809806	0.0327726508094142	0.961542233225649	0.00209070813683899
10	0.00275434274093072	0.0182936059480804	0.975691374212585	0.00326067709840435
11	0.381721850796882	0.00960571354176065	0.604165655342172	0.00450678031918501
12	0.298729258841884	0.0460110956241911	0.0846044069832471	0.570655238550678
13	0.10361017526612	0.0337183186105964	0.0592369383196238	0.80343456780366
14	0.0951118403628824	0.100338295465168	0.0330920685467384	0.771457795625211
15	0.132043432182292	0.139720096870662	0.0608379269374235	0.667398544009623
16	0.156368903242091	0.493216288912255	0.14369141998637	0.206723387859284
17	0.252183909924089	0.159727537423498	0.30361775483409	0.284470797818324
18	0.300295291013117	0.254707223435223	0.233552962617348	0.211444522934312
19	0.285677763895913	0.250720344809868	0.194172313473628	0.269429577820592
20	0.359865868973973	0.28201368213523	0.186042468617349	0.172077980273448
21	0.121668132135573	0.330334970158768	0.165934583002843	0.382062314702816
