Pos	A	C	G	T
1	0.287609248207028	0.319646218237234	0.228445235983391	0.164299297572347
2	0.225848689974751	0.340388779629381	0.26796975886366	0.165792771532208
3	0.223629200617151	0.283082022925763	0.304687524683463	0.188601251773623
4	0.295896631395415	0.246711948670021	0.222300379879126	0.235091040055438
5	0.0752225313988537	0.274665696900326	0.32657264691048	0.32353912479034
6	0.475453120531999	0.253744160254383	0.230555979498876	0.040246739714742
7	0.529109664929715	0.176291759424301	0.289596497707496	0.00500207793848817
8	0.00601428955982454	0.979330160559542	0.00134700378348309	0.0133085460971499
9	0.00252755366071547	0.00505499776859659	0.990739169676775	0.0016782788939131
10	0.00352955053766524	0.00579512779953486	0.988984233156293	0.00169108850650722
11	0.833273469864283	0.0135434327290439	0.14889551258068	0.00428758482599295
12	0.488120756939038	0.0508359494585043	0.430452927615942	0.030590365986516
13	0.760735074095575	0.0277896371636707	0.0195246582147655	0.191950630525989
14	0.106277996091852	0.0231544497800131	0.00664305073406579	0.863924503394069
15	0.588058754968626	0.0805417964101177	0.0386255974909901	0.292773851130266
16	0.599233896452835	0.111408063055462	0.16742834570837	0.121929694783333
17	0.153892837915777	0.311205952587308	0.357584505579062	0.177316703917854
18	0.258754982033772	0.205664064568088	0.282272598914941	0.253308354483199
19	0.114368097013262	0.398453018488721	0.289180332383822	0.197998552114195
20	0.233653831575738	0.227825790189571	0.313359439526053	0.225160938708638
21	0.179203296505131	0.215019198115533	0.345396334093497	0.260381171285839
