Pos	A	C	G	T
1	0.0878122295642115	0.52642048609136	0.288052871063567	0.097714413280861
2	0.488820670958455	0.0862782778373758	0.215694250892974	0.209206800311195
3	0.147705701116272	0.329407938228496	0.194869214140868	0.328017146514364
4	0.282841079112532	0.249045860555624	0.178332797955434	0.28978026237641
5	0.26577605546604	0.442695494960695	0.154394584224651	0.137133865348614
6	0.379849436419054	0.152181877575435	0.43733839520737	0.0306302907981408
7	0.0598327747500838	0.764178265704858	0.101843495248091	0.0741454642969668
8	0.0808893390869151	0.0252487988203063	0.844953969277825	0.0489078928149539
9	0.0318413311938844	0.023594940296864	0.884480035371925	0.0600836931373271
10	0.690236655137766	0.0489566074079516	0.200345367807871	0.0604613696464112
11	0.603844768133511	0.0331218457971547	0.151969867685504	0.21106351838383
12	0.790690683845623	0.0458640714875263	0.054450761362718	0.108994483304133
13	0.222255557235762	0.0299973701832915	0.0472697952586456	0.700477277322301
14	0.619725208523626	0.0168086368979945	0.121301404368445	0.242164750209935
15	0.577851555585245	0.173099002145102	0.127223716004529	0.121825726265124
16	0.23563296018478	0.210267095760069	0.390307836110028	0.163792107945123
17	0.316372308029346	0.118690842563989	0.300651272384345	0.26428557702232
18	0.22142798684237	0.473712716463207	0.161670695149361	0.143188601545063
19	0.186957477610185	0.250994912054292	0.436440111644901	0.125607498690622
20	0.0655872540903982	0.10435834100424	0.59478528206939	0.235269122835972
21	0.308469640908322	0.136331094698913	0.0700722867375693	0.485126977655196
