Pos	A	C	G	T
1	0.19426025610749	0.500337953123624	0.246600117206277	0.0588016735626083
2	0.343260140019735	0.288936584986	0.143525563949208	0.224277711045057
3	0.288211398815397	0.303861914301041	0.21890315807647	0.189023528807093
4	0.304519902325564	0.125633594699971	0.288252288917071	0.281594214057394
5	0.245306765140928	0.330198983231969	0.315731252646566	0.108762998980537
6	0.275944466410868	0.398465340365877	0.270150079451589	0.0554401137716655
7	0.0972813928903185	0.017087193960091	0.724983497830026	0.160647915319565
8	0.0186787750308395	0.0174521491089074	0.953694753805245	0.0101743220550081
9	0.00360274088166877	0.963362156686053	0.0086771113456663	0.0243579910866124
10	0.00283705306116067	0.00946563056526139	0.984226676548125	0.00347063982545298
11	0.00509043389453764	0.00379779118654722	0.986339532936827	0.00477224198208826
12	0.815860770573386	0.0236909040338087	0.155878394138462	0.00456993125434369
13	0.27751260840814	0.0655553721752086	0.555848806802718	0.101083212613934
14	0.47786167791918	0.0329590212338119	0.0686334095377108	0.420545891309297
15	0.187336538238457	0.0662993107741907	0.0493872013981622	0.69697694958919
16	0.408546118865907	0.136201709371326	0.141522297375071	0.313729874387697
17	0.239585510515999	0.433903366313834	0.200743386548946	0.12576773662122
18	0.339414142341853	0.346095620626331	0.123650300931976	0.190839936099841
19	0.157694103234636	0.575263459792386	0.156799703946741	0.110242733026237
20	0.256239976681312	0.390151511057745	0.132645433211083	0.220963079049861
21	0.229555282154322	0.336080642866691	0.256677719656385	0.177686355322602
