Pos	A	C	G	T
1	0.052	0.827	0.058	0.063
2	0.091	0.044	0.833	0.032
3	0.017982017982018	0.0619380619380619	0.797202797202797	0.122877122877123
4	0.243	0.223	0.1	0.434
5	0.373	0.18	0.075	0.372
6	0.569	0.137	0.17	0.124
7	0.198	0.146	0.188	0.468
8	0.0850850850850851	0.339339339339339	0.187187187187187	0.388388388388388
9	0.275724275724276	0.233766233766234	0.246753246753247	0.243756243756244
10	0.212	0.028	0.208	0.552
11	0.052947052947053	0.876123876123876	0.034965034965035	0.035964035964036
12	0.026026026026026	0.151151151151151	0.747747747747748	0.0750750750750751
13	0.076	0.066	0.834	0.024
