Pos	A	C	G	T
1	0.0859140859140859	0.748251748251748	0.0859140859140859	0.0799200799200799
2	0.058	0.038	0.869	0.035
3	0.113	0.183	0.658	0.046
4	0.190809190809191	0.234765234765235	0.497502497502498	0.0769230769230769
5	0.396	0.126	0.299	0.179
6	0.21	0.066	0.337	0.387
7	0.151848151848152	0.0769230769230769	0.368631368631369	0.402597402597403
8	0.047	0.278	0.649	0.026
9	0.03	0.018	0.892	0.06
10	0.099	0.461	0.335	0.105
11	0.14	0.168	0.179	0.513
12	0.228228228228228	0.162162162162162	0.163163163163163	0.446446446446446
13	0.254745254745255	0.366633366633367	0.200799200799201	0.177822177822178
14	0.034	0.859	0.086	0.021
15	0.115	0.649	0.068	0.168
16	0.065	0.109	0.781	0.045
