Pos	A	C	G	T
1	0.338077372281926	0.244012278907397	0.1361304677702	0.281779881040476
2	0.330815682930631	0.252310843609139	0.25321786998019	0.163655603480039
3	0.306823189030341	0.209535111932892	0.204080035467816	0.279561663568951
4	0.27904291989288	0.168877600390251	0.214011264322165	0.338068215394705
5	0.217759943064852	0.154456014747592	0.252500043744771	0.375283998442785
6	0.137831144193578	0.257846924920215	0.0808620402712458	0.523459890614961
7	0.0245309124392344	0.168655494553069	0.0169612195519429	0.789852373455754
8	0.00292128191144279	0.993399240446972	0.00152261793735696	0.00215685970422853
9	0.0012605909814298	0.0127078579207166	0.984958118984099	0.0010734321137544
10	0.00290766515796765	0.00143615087883351	0.992889890113287	0.00276629384991162
11	0.981757528841273	0.000816444860217879	0.0162109087691641	0.00121511752934545
12	0.00223344665711383	0.287651781804285	0.709623343509077	0.000491428029524196
13	0.0166836552272008	0.0116393306333672	0.000510052513786559	0.971166961625646
14	0.0405720270979779	0.0126486017211692	0.00602346557367178	0.940755905607181
15	0.104627423888341	0.287320484768675	0.0859236276091717	0.522128463733813
16	0.381988085258033	0.153215468601608	0.216228201516413	0.248568244623947
17	0.345026618569488	0.100543834186227	0.200322828091428	0.354106719152857
18	0.23394116732713	0.277347606424469	0.218782528269878	0.269928697978523
19	0.3037491196411	0.264274183646782	0.206427607676808	0.22554908903531
20	0.321809201176596	0.11272429437537	0.232014450671824	0.33345205377621
