Pos	A	C	G	T
1	0.154	0.329	0.14	0.377
2	0.013	0.945	0.03	0.012
3	0.031968031968032	0.033966033966034	0.913086913086913	0.020979020979021
4	0.025	0.017	0.946	0.012
5	0.256	0.417	0.17	0.157
6	0.062	0.358	0.073	0.507
7	0.137	0.182	0.269	0.412
8	0.583	0.159	0.135	0.123
9	0.652347652347652	0.188811188811189	0.0689310689310689	0.0899100899100899
10	0.0829170829170829	0.282717282717283	0.037962037962038	0.596403596403596
11	0.055	0.205	0.697	0.043
12	0.021	0.043	0.931	0.005
13	0.584	0.081	0.28	0.055
