Pos	A	C	G	T
1	0.463355262836457	0.102503260548882	0.272418679934007	0.161722796680654
2	0.258739636163404	0.125675233764157	0.353182938639779	0.262402191432659
3	0.301914909624675	0.375782580054374	0.133172885715322	0.189129624605629
4	0.232206354405564	0.241235658465108	0.411511628720495	0.115046358408833
5	0.259160649935898	0.457774281708781	0.100862639530199	0.182202428825122
6	0.386758570344169	0.414314091370044	0.181527270074134	0.0174000682116526
7	0.00458849212052415	0.984992550353298	0.00586179478751022	0.00455716273866724
8	0.00221616823893069	0.00175665022351043	0.993487811037856	0.00253937049970264
9	0.000991711411954039	0.00952573780928093	0.987755894854841	0.00172665592392354
10	0.951348208746805	0.0010002409548608	0.0464529686904528	0.0011985816078812
11	0.990891002935766	0.00111753912672012	0.00156293799759424	0.00642851993992005
12	0.0579994728703924	0.00170648012557989	0.000680168918711233	0.939613878085316
13	0.039328054172536	0.0110643370116682	0.00113139470483907	0.948476214110957
14	0.15474263370075	0.0497606768860373	0.0108911822582738	0.784605507154939
15	0.155064594673667	0.254131267662524	0.196581638832012	0.394222498831796
16	0.122992013656747	0.102238331674602	0.477759260056916	0.297010394611734
17	0.315000228071539	0.240596658635107	0.316935175535237	0.127467937758117
18	0.21434149201139	0.231615083466586	0.394623903633909	0.159419520888116
19	0.297519198211985	0.235042997245502	0.185570107945445	0.281867696597069
20	0.273446663477757	0.202525072934607	0.284857032291875	0.239171231295761
