Pos	A	C	G	T
1	0.013	0.115	0.021	0.851
2	0.012987012987013	0.935064935064935	0.038961038961039	0.012987012987013
3	0.030969030969031	0.022977022977023	0.739260739260739	0.206793206793207
4	0.043	0.031	0.897	0.029
5	0.507	0.407	0.065	0.021
6	0.255	0.247	0.468	0.03
7	0.747	0.101	0.123	0.029
8	0.81	0.061	0.013	0.116
9	0.013	0.145	0.294	0.548
10	0.244	0.25	0.377	0.129
11	0.081	0.877	0.029	0.013
12	0.054	0.872	0.021	0.053
13	0.012987012987013	0.10989010989011	0.864135864135864	0.012987012987013
14	0.546	0.185	0.249	0.02
