Pos	A	C	G	T
1	0.189300411522634	0.292181069958848	0.218106995884774	0.300411522633745
2	0.0666666666666667	0.811111111111111	0.0555555555555556	0.0666666666666667
3	0.0131578947368421	0.0131578947368421	0.960526315789474	0.0131578947368421
4	0.0117647058823529	0.105882352941176	0.858823529411765	0.0235294117647059
5	0.374358974358974	0.261538461538462	0.184615384615385	0.179487179487179
6	0.157142857142857	0.352380952380952	0.142857142857143	0.347619047619048
7	0.210045662100457	0.255707762557078	0.333333333333333	0.200913242009132
8	0.486666666666667	0.0933333333333333	0.2	0.22
9	0.439759036144578	0.162650602409639	0.319277108433735	0.0783132530120482
10	0.211111111111111	0.344444444444444	0.174074074074074	0.27037037037037
11	0.037037037037037	0.037037037037037	0.901234567901235	0.0246913580246914
12	0.0434782608695652	0.108695652173913	0.793478260869565	0.0543478260869565
13	0.368686868686869	0.181818181818182	0.308080808080808	0.141414141414141
14	0.302904564315353	0.228215767634855	0.244813278008299	0.224066390041494
