Pos	A	C	G	T
1	0.285714285714286	0.428571428571429	0.142857142857143	0.142857142857143
2	0.133333333333333	0.466666666666667	0.333333333333333	0.0666666666666667
3	0.388888888888889	0.333333333333333	0.111111111111111	0.166666666666667
4	0.1	0.35	0.45	0.1
5	0.130434782608696	0.260869565217391	0.260869565217391	0.347826086956522
6	0.2	0.16	0.4	0.24
7	0.185185185185185	0.407407407407407	0.259259259259259	0.148148148148148
8	0.133333333333333	0.4	0.3	0.166666666666667
9	0.162162162162162	0.243243243243243	0.297297297297297	0.297297297297297
10	0.452380952380952	0.142857142857143	0.357142857142857	0.0476190476190476
11	0.0	0.0	0.0	1.0
12	0.0	0.0	1.0	0.0
13	1.0	0.0	0.0	0.0
14	0.0	1.0	0.0	0.0
15	0.0465116279069767	0.0	0.0	0.953488372093023
16	0.0232558139534884	0.976744186046512	0.0	0.0
17	1.0	0.0	0.0	0.0
18	0.0232558139534884	0.255813953488372	0.116279069767442	0.604651162790698
19	0.315789473684211	0.421052631578947	0.0526315789473684	0.210526315789474
20	0.117647058823529	0.411764705882353	0.382352941176471	0.0882352941176471
21	0.352941176470588	0.294117647058824	0.117647058823529	0.235294117647059
22	0.181818181818182	0.272727272727273	0.333333333333333	0.212121212121212
23	0.225806451612903	0.32258064516129	0.129032258064516	0.32258064516129
24	0.142857142857143	0.285714285714286	0.392857142857143	0.178571428571429
25	0.185185185185185	0.37037037037037	0.222222222222222	0.222222222222222
26	0.32	0.28	0.12	0.28
27	0.260869565217391	0.304347826086957	0.173913043478261	0.260869565217391
